1419526
1374134
1419526
1412525
1417345
1374134
1426658
1411490
1392117
1417345
1413419
1413419
1374134
1414765
1414765
1374134
1422858
1411490
1411490
1412525
1413419
1416477
1417345
1419526
1413419
1416477
1414765
1374134
1392129
1412593
1414765
1427140
1397067
1412593
1412481
1412593
1416477
1374134
1412525
1411490
1414765
1414765
1392117
1412593
1390479
1421130
1396392
1374134
1417345
1390479
1411490
1390479
1374134
1411490
1417345
1411490
1411490
1417345
1374134
1411490
1411490
1417345
1390479
1417345
1397067
1417345
1397067
1421130
1390479
1417345
1397067
1412481
1416477
1392117
1411490
1374134
1411490
1424586
1417345
1374134
1374134
1413419
1417345
1414765
1417345
1411490
1417345
1374134
1411490
1374134
1414765
1374134
1374134
1417345
1417345
1417345
1417345
1411490
1417345
1374134
1412525
1374134
1390479
1390479
1374134
1390479
1405097
1428015
1417345
1390479
1405097
1405097
1374134
1396392
1397067
1389364
1417345
1390479
1390479
1411490
1397067
1417345
1390479
1396392
1411490
1390479
1411490
1374134
1374134
1411490
1428015
1411490
1411490
1417345
1426658
1374134
1411490
1411490
1374134
1411490
1417345
1390479
1417345
1411490
1390479
1396392
1417345
1411490
1374134
1428015
1417345
1417345
1374134
1411490
1392129
1374134
1396392
1421130
1417345
1411490
1417345
1411490
1374134
1390479
1421130
1390479
1390479
1411490
1417345
1396392
1374134
1374134
1411490
1411490
1417345
1411490
1417345
1374134
1390479
1411490
1417345
1411490
1397067
1417345
1417345
1397067
1421130
1390479
1417345
1397067
1411490
1411490
1411490
1417345
1411490
1411490
1374134
1374134
1411490
1405097
1411490
1421130
1390479
1411490
1411490
1390479
1396392
1374134
1417345
1411490
1374134
1390479
1417345
1390479
1396392
1411490
1417345
1374134
1396392
1417345
1392117
1417345
1417345
1417345
1417345
1374134
1374134
1405097
1417345
1411490
1411490
1417345
1405097
1374134
1411490
1374134
1417345
1374134
1374134
1417345
1417345
1411490
1374134
1411490
1411490
1374075
1411490
1374134
1411490
1374134
1411490
1411490
1417345
1411490
1411490
1390479
1374134
1374134
1374134
1389364
1411490
1390479
1417345
1417345
1374134
1413419
1411490
1392129
1412525
1374134
1417345
1428015
1419526
1417345
1417345
1374134
1416477
1411490
1397067
1413419
1392129
1417345
1417345
1417345
1374134
1374134
1405097
1416477
1411490
1411490
1411490
1411490
1414765
1411490
1411490
1411490
1417345
1413419
1374134
1374134
1412481
1411490
1417345
1374134
1417345
1374134
1414765
1374134
1413419
1392129
1419526
1392129
1414765
1412593
1392129
1431806
1411490
1411490
1392129
1417345
1417345
1417345
1414765
1416477
1392129
1392117
1417345
1392129
1374134
1412593
1374134
1411490
1412525
1411490
1374134
1413419
1417345
1417345
1417345
1417345
1411490
1374134
1411490
1392129
1422858
1417345
1390479
1374134
1374134
1412481
1411490
1417345
1374134
1417345
1374134
1414765
1374134
1392129
1419526
1419526
1413419
1392129
1417345
1411490
1417345
1411490
1417345
1374134
1417345
1411490
1411490
1417345
1374134
1417345
1417345
1411490
1417345
1417345
1417345
1374134
1411490
1417345
1374134
1411490
1417345
1374134
1417345
1374134
1411490
1412593
1411490
1411490
1411490
1374134
1413419
1411490
1417345
1417345
1411490
1411490
1417345
1411490
1417345
1411490
1412525
1411490
1411490
1392129
1374134
1417345
1374134
1411490
1411490
1422858
1411490
1417345
1417345
1417345
1417345
1417345
1411490
1411490
1411490
1417345
1411490
1417345
1417345
1417345
1417345
1411490
1417345
1411490
1417345
1417345
1417345
1417345
1411490
1411490
1417345
1411490
1417345
1417345
1411490
1417345
1417345
1417345
1417345
1417345
1411490
1417345
1411490
1411490
1417345
1417345
1417345
1411490
1417345
1411490
1417345
1417345
1411490
1411490
1411490
1411490
1417345
1417345
1417345
1417345
1411490
1411490
1417345
1417345
1411490
1417345
1411490
1417345
1411490
1411490
1417345
1417345
1417345
1417345
1417345
1411490
1417345
1417345
1417345
1417345
1417345
1417345
1417345
1417345
1411490
1417345
1411490
1411490
1417345
1411490
1417345
1411490
1411490
1411490
1411490
1411490
1417345
1417345
1417345
1411490
1417345
1417345
1411490
1411490
1417345
1411490
1417345
1411490
1411490
1417345
1417345
1411490
1374075
1417345
1411490
1417345
1417345
1411490
1417345
1417345
1417345
1417345
1417345
1417345
1417345
1417345
1417345
1417345
1411490
1417345
1411490
1417345
1411490
1417345
1417345
1417345
1417345
1411490
1411490
1417345
1417345
1417345
1411490
1411490
1417345
1417345
1424402
1437296
1437261
1436942
1424402
1436942
1436942
1436942
1437261
1437296
1437304
1437296
1436942
1437296
1436989
1436986
1424402
1436946
1436942
1437261
1436989
1436922
1437296
1436989
1437261
1436942
1437666
1436990
1437261
1424402
1437669
1437296
1437261
1436989
1436989
1437261
1436986
1436946
1436942
1436942
1436989
1436990
1436942
1436922
1424402
1437261
1437296
1436989
1436989
1437261
1436989
1438753
1438777
1437296
1437296
1436922
1436989
1436986
1437296
1438777
1438777
1431806
1436942
1436946
1437296
1436922
1437296
1438753
1436922
1436989
1436942
1436989
1436942
1436922
1436942
1437296
1437296
1437261
1436989
1436942
1437666
1436990
1437261
1424402
1437296
1437669
1437261
1436989
1436989
1436989
1431806
1436942
1437296
1436989
1436989
1436990
1436942
1437296
1436942
1436942
1436989
1436989
1424402
1436989
1436990
1412481
1424402
1436922
1439297
1437666
1437666
1436942
1440170
1437296
1431806
1436942
1436989
1437296
1436986
1437261
1424402
1436986
1437296
1424402
1437296
1436989
1437296
1437296
1436989
1431806
1437296
1436990
1437296
1424402
1436986
1436942
1437296
1436989
1424402
1436989
1437296
1437296
1437666
1437296
1436989
1436942
1437296
1436942
1424402
1424402
1436942
1436986
1412481
1424402
1437666
1437296
1436942
1436989
1437296
1436989
1436989
1424402
1436942
1441262
1436989
1436989
1424402
1424402
1436922
1439297
1437666
1437666
1437296
1436989
1436989
1424402
1436942
1441262
1442622
1421130
1442639
1442637
1442622
1442622
1400105
1400105
1400105
1400105
1400105
